N/A, code_check, 239.41656494140625, 340.091064453125, 32.22391128540039, 48.9175021648407
N/A, code_check, 130.34512329101562, 232.12313842773438, 27.341459274291992, 32.39783048629761
N/A, code_check, 65.54134368896484, 127.63253784179688, 21.34259605407715, 23.19001406431198
N/A, code_check, 33.00144577026367, 69.21353149414062, 17.573217391967773, 18.181046843528748
N/A, code_check, 18.305112838745117, 47.23557662963867, 16.277259826660156, 16.785266995429993
N/A, code_check, 8.956652641296387, 37.154239654541016, 15.809264183044434, 16.1087304353714
N/A, code_check, 8.81783676147461, 47.872989654541016, 17.938617706298828, 15.266557037830353
N/A, code_check, 14.329611778259277, 35.28193664550781, 15.587968826293945, 16.471365094184875
N/A, code_check, 9.038137435913086, 47.671695709228516, 17.849027633666992, 15.264874696731567
N/A, code_check, 13.903112411499023, 35.714359283447266, 15.967316627502441, 17.166416347026825
N/A, code_check, 9.007269859313965, 47.130409240722656, 17.788898468017578, 15.217658877372742
N/A, code_check, 13.627099990844727, 35.43870162963867, 15.944799423217773, 17.153461277484894
N/A, code_check, 8.861268043518066, 46.72807693481445, 17.74286651611328, 15.1890829205513
code_check, 13.140350341796875, 34.98188781738281, 15.912052154541016, 17.538821697235107
code_check, 8.559219360351562, 46.09746551513672, 17.667034149169922, 14.123906195163727
code_check, 12.919963836669922, 34.792999267578125, 15.9068603515625, 17.598956823349
code_check, 33.50099182128906, 28.276845932006836, 14.454615592956543, 16.428999602794647
code_check, 1014.738037109375, 890.25048828125, 98.82874298095703, 7.121736529084416e+17
code_check, 1007.963134765625, 879.5957641601562, 97.81217956542969, 1.088355517333504e+17
code_check, 998.3164672851562, 867.21142578125, 96.6243667602539, 1.13434582581248e+17
code_check, 935.7628784179688, 805.7432861328125, 90.50281524658203, 1926.640510559082
code_check, 923.1786499023438, 786.45947265625, 88.5340347290039, 1668.2748794555664
code_check, 802.860595703125, 660.7142944335938, 73.98373413085938, 504.76489067077637
code_check, 496.1597595214844, 387.5230407714844, 37.597415924072266, 98.81265759468079
code_check, 85.9684829711914, 139.49533081054688, 23.848464965820312, 25.578436255455017
code_check, 0.009172475896775723, 42.80662155151367, 16.85431671142578, 15.555033087730408
code_check, 9.804321598494425e-05, 42.692771911621094, 16.741992950439453, 15.511320531368256
code_check, 9.779979154700413e-05, 42.836181640625, 16.655986785888672, 15.438151359558105
code_check, 0.050799742341041565, 47.57428741455078, 18.731630325317383, 15.934710204601288
code_check, 10.26899528503418, 42.891357421875, 16.65569305419922, 15.537703037261963
code_check, 1.018796443939209, 42.333309173583984, 16.814903259277344, 14.649172127246857
PEDS_gauss, 977.5906372070312, 854.187744140625, 95.38041687011719, 5510.199356079102
PEDS_gauss, 317.3080139160156, 301.5087890625, 48.35301208496094, 41.24850034713745
PEDS_gauss, 3.1282148361206055, 53.136878967285156, 17.931997299194336, 17.715854942798615
PEDS_gauss, 0.32442352175712585, 51.278167724609375, 17.2449951171875, 17.247989773750305
PEDS_gauss, 0.5120113492012024, 50.274383544921875, 17.195459365844727, 17.400160431861877
PEDS_gauss, 0.12397166341543198, 49.352195739746094, 16.915382385253906, 17.347130179405212
PEDS_gauss, 0.01833944395184517, 48.984474182128906, 17.014999389648438, 17.545685172080994
PEDS_gauss, 0.011120820418000221, 49.25379943847656, 17.15110206604004, 17.579978704452515
PEDS_gauss, 6.374860763549805, 52.45631790161133, 17.133970260620117, 18.972763419151306
PEDS_gauss, 5.880146503448486, 55.20057678222656, 20.31116485595703, 18.85829120874405
PEDS_gauss, 3.9755029678344727, 54.523712158203125, 17.393404006958008, 19.33574229478836
PEDS_gauss, 0.021266542375087738, 49.631534576416016, 17.317848205566406, 17.914240062236786
